{"producer":{"name":"Blender","version":"2.80 (sub 75)","exporter_version":"6.2.0","file":"untitled.babylon"},
"autoClear":true,"clearColor":[0.0509,0.0509,0.0509],"gravity":[0,-9.81,0],
"materials":[{"name":"Alpha_Body_MAT","id":"Alpha_Body_MAT","customType":"BABYLON.PBRMaterial","backFaceCulling":true,"checkReadyOnlyOnce":false,"maxSimultaneousLights":4,"environmentIntensity":1,"albedo":[0.0773,0.3373,0.4176],"reflectivity":[0.5,0.5,0.5],"roughness":0.5,"alpha":1,"transparencyMode":0,"alphaCutOff":0.4,"metallic":0},
{"name":"Alpha_Joints_MAT","id":"Alpha_Joints_MAT","customType":"BABYLON.PBRMaterial","backFaceCulling":true,"checkReadyOnlyOnce":false,"maxSimultaneousLights":4,"environmentIntensity":1,"albedo":[0.1228,0.1703,0.1778],"reflectivity":[0.5,0.5,0.5],"roughness":0.5,"alpha":1,"transparencyMode":0,"alphaCutOff":0.4,"metallic":0.5}],
"multiMaterials":[],
"skeletons":[{"name":"Armature","id":0,"dimensionsAtRest":[194.6188,30.9004,181.1449],"bones":[
{"name":"mixamorig_Hips","index":0,"matrix":[0.5753,0.8173,0.0329,0,0.0702,-0.0894,0.9935,0,-0.8149,0.5693,0.1088,0,0.105,-0.2638,93.7918,1],"rest":[1,0,0,0,0,0,1,0,0,1,0,0,0,0.247,99.6721,1],"parentBoneIndex":-1,"length":2.5948
,"animation":{"dataType":3,"framePerSecond":24,"keys":[
{"frame":0,"values":[0.5753,0.8173,0.0329,0,0.0702,-0.0894,0.9935,0,-0.8149,0.5693,0.1088,0,0.105,-0.2638,93.7918,1]},
{"frame":1,"values":[0.5753,0.8173,0.033,0,0.0705,-0.0897,0.9935,0,-0.8149,0.5692,0.1092,0,0.1063,-0.2649,93.7866,1]},
{"frame":2,"values":[0.5753,0.8173,0.033,0,0.0708,-0.0899,0.9934,0,-0.8148,0.5692,0.1096,0,0.1081,-0.2663,93.7793,1]},
{"frame":3,"values":[0.5754,0.8172,0.033,0,0.0712,-0.0902,0.9934,0,-0.8148,0.5692,0.11,0,0.1105,-0.2681,93.7713,1]},
{"frame":4,"values":[0.5754,0.8172,0.033,0,0.0715,-0.0904,0.9933,0,-0.8148,0.5692,0.1105,0,0.1134,-0.2703,93.7626,1]},
{"frame":5,"values":[0.5754,0.8172,0.033,0,0.0719,-0.0907,0.9933,0,-0.8147,0.5691,0.1109,0,0.117,-0.273,93.754,1]},
{"frame":6,"values":[0.5754,0.8172,0.033,0,0.0723,-0.091,0.9932,0,-0.8147,0.5691,0.1114,0,0.1211,-0.276,93.7445,1]},
{"frame":7,"values":[0.5754,0.8172,0.033,0,0.0727,-0.0912,0.9932,0,-0.8147,0.569,0.1119,0,0.1256,-0.2795,93.7354,1]},
{"frame":8,"values":[0.5754,0.8172,0.033,0,0.0731,-0.0915,0.9931,0,-0.8146,0.569,0.1124,0,0.1307,-0.2832,93.7254,1]},
{"frame":9,"values":[0.5753,0.8172,0.033,0,0.0736,-0.0918,0.9931,0,-0.8146,0.5689,0.113,0,0.1362,-0.2875,93.7153,1]},
{"frame":10,"values":[0.5753,0.8173,0.033,0,0.074,-0.0921,0.993,0,-0.8146,0.5689,0.1135,0,0.1422,-0.292,93.7048,1]},
{"frame":11,"values":[0.5753,0.8173,0.033,0,0.0745,-0.0925,0.9929,0,-0.8145,0.5688,0.114,0,0.1486,-0.2969,93.6941,1]},
{"frame":12,"values":[0.5753,0.8173,0.033,0,0.0749,-0.0928,0.9929,0,-0.8145,0.5688,0.1146,0,0.1554,-0.3022,93.6835,1]},
{"frame":13,"values":[0.5753,0.8173,0.033,0,0.0754,-0.0931,0.9928,0,-0.8144,0.5687,0.1152,0,0.1626,-0.3077,93.6719,1]},
{"frame":14,"values":[0.5753,0.8173,0.033,0,0.0759,-0.0935,0.9927,0,-0.8144,0.5686,0.1158,0,0.1701,-0.3135,93.6601,1]},
{"frame":15,"values":[0.5753,0.8173,0.033,0,0.0764,-0.0938,0.9927,0,-0.8144,0.5686,0.1164,0,0.178,-0.3196,93.6486,1]},
{"frame":16,"values":[0.5753,0.8173,0.033,0,0.0769,-0.0941,0.9926,0,-0.8143,0.5685,0.117,0,0.1863,-0.3259,93.6368,1]},
{"frame":17,"values":[0.5753,0.8173,0.033,0,0.0774,-0.0945,0.9925,0,-0.8143,0.5685,0.1176,0,0.1948,-0.3325,93.6245,1]},
{"frame":18,"values":[0.5753,0.8173,0.033,0,0.0779,-0.0948,0.9924,0,-0.8142,0.5684,0.1182,0,0.2037,-0.3393,93.6122,1]},
{"frame":19,"values":[0.5753,0.8173,0.033,0,0.0784,-0.0952,0.9924,0,-0.8142,0.5683,0.1189,0,0.2127,-0.3463,93.5993,1]},
{"frame":20,"values":[0.5753,0.8173,0.033,0,0.0789,-0.0956,0.9923,0,-0.8141,0.5683,0.1195,0,0.2221,-0.3535,93.5868,1]},
{"frame":21,"values":[0.5753,0.8173,0.033,0,0.0795,-0.0959,0.9922,0,-0.8141,0.5682,0.1201,0,0.2317,-0.3609,93.5738,1]},
{"frame":22,"values":[0.5753,0.8173,0.033,0,0.08,-0.0963,0.9921,0,-0.814,0.5681,0.1208,0,0.2415,-0.3685,93.5606,1]},
{"frame":23,"values":[0.5753,0.8173,0.033,0,0.0805,-0.0967,0.9921,0,-0.814,0.5681,0.1214,0,0.2515,-0.3763,93.5476,1]},
{"frame":24,"values":[0.5753,0.8173,0.033,0,0.0811,-0.097,0.992,0,-0.8139,0.568,0.1221,0,0.2618,-0.3843,93.5342,1]},
{"frame":25,"values":[0.5753,0.8173,0.033,0,0.0816,-0.0974,0.9919,0,-0.8139,0.568,0.1227,0,0.2722,-0.3924,93.5209,1]},
{"frame":26,"values":[0.5753,0.8173,0.0329,0,0.0821,-0.0978,0.9918,0,-0.8138,0.5679,0.1234,0,0.2828,-0.4006,93.5074,1]},
{"frame":27,"values":[0.5753,0.8173,0.0329,0,0.0827,-0.0982,0.9917,0,-0.8138,0.5678,0.124,0,0.2934,-0.4088,93.4936,1]},
{"frame":28,"values":[0.5753,0.8173,0.0329,0,0.0832,-0.0985,0.9916,0,-0.8137,0.5678,0.1247,0,0.304,-0.417,93.4804,1]},
{"frame":29,"values":[0.5753,0.8173,0.0329,0,0.0837,-0.0989,0.9916,0,-0.8136,0.5677,0.1253,0,0.3146,-0.4252,93.4669,1]},
{"frame":30,"values":[0.5753,0.8173,0.0329,0,0.0842,-0.0993,0.9915,0,-0.8136,0.5676,0.126,0,0.3254,-0.4336,93.4534,1]},
{"frame":31,"values":[0.5753,0.8173,0.0329,0,0.0848,-0.0997,0.9914,0,-0.8135,0.5676,0.1266,0,0.3367,-0.4424,93.4393,1]},
{"frame":32,"values":[0.5753,0.8173,0.0329,0,0.0854,-0.1001,0.9913,0,-0.8135,0.5675,0.1274,0,0.3491,-0.452,93.4239,1]},
{"frame":33,"values":[0.5753,0.8173,0.0329,0,0.086,-0.1005,0.9912,0,-0.8134,0.5674,0.1282,0,0.3627,-0.4626,93.4073,1]},
{"frame":34,"values":[0.5753,0.8173,0.0329,0,0.0867,-0.101,0.9911,0,-0.8133,0.5673,0.129,0,0.3772,-0.4739,93.3896,1]},
{"frame":35,"values":[0.5753,0.8173,0.0329,0,0.0874,-0.1015,0.991,0,-0.8132,0.5673,0.1298,0,0.3922,-0.4855,93.3709,1]},
{"frame":36,"values":[0.5753,0.8173,0.0329,0,0.0881,-0.102,0.9909,0,-0.8132,0.5672,0.1307,0,0.4072,-0.4972,93.3525,1]},
{"frame":37,"values":[0.5753,0.8172,0.0329,0,0.0888,-0.1024,0.9908,0,-0.8131,0.5671,0.1315,0,0.422,-0.5087,93.3348,1]},
{"frame":38,"values":[0.5753,0.8172,0.0329,0,0.0895,-0.1029,0.9907,0,-0.813,0.567,0.1323,0,0.4364,-0.5198,93.3174,1]},
{"frame":39,"values":[0.5754,0.8172,0.0329,0,0.0901,-0.1033,0.9906,0,-0.8129,0.567,0.1331,0,0.4505,-0.5308,93.3001,1]},
{"frame":40,"values":[0.5754,0.8172,0.0329,0,0.0907,-0.1038,0.9905,0,-0.8129,0.5669,0.1338,0,0.4643,-0.5415,93.2833,1]},
{"frame":41,"values":[0.5754,0.8172,0.0329,0,0.0913,-0.1042,0.9904,0,-0.8128,0.5668,0.1346,0,0.4777,-0.552,93.2674,1]},
{"frame":42,"values":[0.5754,0.8172,0.0329,0,0.0919,-0.1046,0.9903,0,-0.8127,0.5667,0.1353,0,0.4908,-0.5622,93.2518,1]},
{"frame":43,"values":[0.5754,0.8172,0.0329,0,0.0924,-0.105,0.9902,0,-0.8126,0.5667,0.136,0,0.5034,-0.5721,93.2366,1]},
{"frame":44,"values":[0.5754,0.8172,0.0329,0,0.093,-0.1054,0.9901,0,-0.8126,0.5666,0.1366,0,0.5156,-0.5816,93.2221,1]},
{"frame":45,"values":[0.5754,0.8172,0.0329,0,0.0935,-0.1057,0.99,0,-0.8125,0.5666,0.1372,0,0.5272,-0.5906,93.208,1]},
{"frame":46,"values":[0.5754,0.8172,0.0329,0,0.094,-0.106,0.9899,0,-0.8124,0.5665,0.1378,0,0.5383,-0.5993,93.1949,1]},
{"frame":47,"values":[0.5754,0.8172,0.0329,0,0.0944,-0.1064,0.9898,0,-0.8124,0.5665,0.1383,0,0.5487,-0.6074,93.1825,1]},
{"frame":48,"values":[0.5754,0.8172,0.0329,0,0.0948,-0.1067,0.9898,0,-0.8123,0.5664,0.1389,0,0.5585,-0.6151,93.1706,1]},
{"frame":49,"values":[0.5754,0.8172,0.0329,0,0.0952,-0.1069,0.9897,0,-0.8123,0.5664,0.1393,0,0.5675,-0.6221,93.1602,1]},
{"frame":50,"values":[0.5755,0.8172,0.0329,0,0.0956,-0.1072,0.9896,0,-0.8122,0.5663,0.1398,0,0.5757,-0.6285,93.1502,1]},
{"frame":51,"values":[0.5755,0.8172,0.0329,0,0.0959,-0.1074,0.9896,0,-0.8122,0.5663,0.1401,0,0.5832,-0.6343,93.1412,1]},
{"frame":52,"values":[0.5755,0.8172,0.0329,0,0.0962,-0.1076,0.9895,0,-0.8122,0.5663,0.1405,0,0.5898,-0.6395,93.1337,1]},
{"frame":53,"values":[0.5755,0.8172,0.0329,0,0.0964,-0.1077,0.9895,0,-0.8121,0.5663,0.1408,0,0.5955,-0.6439,93.1268,1]},
{"frame":54,"values":[0.5755,0.8172,0.0329,0,0.0966,-0.1079,0.9895,0,-0.8121,0.5662,0.141,0,0.6002,-0.6476,93.1212,1]},
{"frame":55,"values":[0.5755,0.8172,0.0329,0,0.0967,-0.108,0.9894,0,-0.8121,0.5662,0.1412,0,0.6039,-0.6505,93.117,1]},
{"frame":56,"values":[0.5755,0.8171,0.0329,0,0.0968,-0.1081,0.9894,0,-0.8121,0.5662,0.1413,0,0.6067,-0.6526,93.1139,1]},
{"frame":57,"values":[0.5755,0.8171,0.0329,0,0.0969,-0.1081,0.9894,0,-0.812,0.5662,0.1414,0,0.6081,-0.6538,93.1122,1]},
{"frame":58,"values":[0.5755,0.8171,0.0329,0,0.0969,-0.1081,0.9894,0,-0.812,0.5662,0.1414,0,0.6085,-0.6541,93.112,1]},
{"frame":59,"values":[0.5755,0.8171,0.0329,0,0.0969,-0.1081,0.9894,0,-0.8121,0.5662,0.1414,0,0.6078,-0.6535,93.1131,1]},
{"frame":60,"values":[0.5755,0.8171,0.0329,0,0.0968,-0.108,0.9894,0,-0.8121,0.5662,0.1413,0,0.606,-0.6522,93.1156,1]},
{"frame":61,"values":[0.5755,0.8172,0.0329,0,0.0966,-0.1079,0.9895,0,-0.8121,0.5662,0.1411,0,0.603,-0.6498,93.1199,1]},
{"frame":62,"values":[0.5755,0.8172,0.0329,0,0.0964,-0.1078,0.9895,0,-0.8121,0.5662,0.1408,0,0.5988,-0.6466,93.1262,1]},
{"frame":63,"values":[0.5755,0.8172,0.0329,0,0.0961,-0.1076,0.9895,0,-0.8122,0.5663,0.1405,0,0.5937,-0.6426,93.1336,1]},
{"frame":64,"values":[0.5755,0.8172,0.0329,0,0.0958,-0.1073,0.9896,0,-0.8122,0.5663,0.1401,0,0.5877,-0.6379,93.1428,1]},
{"frame":65,"values":[0.5754,0.8172,0.0329,0,0.0954,-0.1071,0.9897,0,-0.8123,0.5664,0.1396,0,0.5805,-0.6323,93.1535,1]},
{"frame":66,"values":[0.5754,0.8172,0.0329,0,0.095,-0.1068,0.9897,0,-0.8123,0.5664,0.1391,0,0.5725,-0.626,93.1654,1]},
{"frame":67,"values":[0.5754,0.8172,0.0329,0,0.0945,-0.1065,0.9898,0,-0.8124,0.5665,0.1385,0,0.5636,-0.6192,93.1786,1]},
{"frame":68,"values":[0.5754,0.8172,0.0329,0,0.094,-0.1061,0.9899,0,-0.8124,0.5665,0.1379,0,0.5541,-0.6118,93.1924,1]},
{"frame":69,"values":[0.5754,0.8172,0.0329,0,0.0935,-0.1057,0.99,0,-0.8125,0.5666,0.1372,0,0.5439,-0.6039,93.2072,1]},
{"frame":70,"values":[0.5754,0.8172,0.0329,0,0.0929,-0.1053,0.9901,0,-0.8125,0.5667,0.1365,0,0.5331,-0.5955,93.2233,1]},
{"frame":71,"values":[0.5754,0.8172,0.0329,0,0.0923,-0.1049,0.9902,0,-0.8126,0.5668,0.1358,0,0.5216,-0.5866,93.2396,1]},
{"frame":72,"values":[0.5754,0.8172,0.0329,0,0.0916,-0.1044,0.9903,0,-0.8127,0.5668,0.135,0,0.509,-0.5769,93.2584,1]},
{"frame":73,"values":[0.5754,0.8172,0.0329,0,0.0909,-0.1039,0.9904,0,-0.8128,0.5669,0.1341,0,0.4949,-0.5661,93.2785,1]},
{"frame":74,"values":[0.5754,0.8172,0.0329,0,0.0901,-0.1033,0.9906,0,-0.8129,0.567,0.1331,0,0.4794,-0.5541,93.3008,1]},
{"frame":75,"values":[0.5754,0.8172,0.0329,0,0.0892,-0.1027,0.9907,0,-0.813,0.5672,0.132,0,0.4627,-0.5412,93.3243,1]},
{"frame":76,"values":[0.5754,0.8172,0.0329,0,0.0882,-0.1021,0.9909,0,-0.8131,0.5673,0.1308,0,0.4451,-0.5275,93.3492,1]},
{"frame":77,"values":[0.5754,0.8172,0.0329,0,0.0873,-0.1014,0.991,0,-0.8132,0.5674,0.1297,0,0.4269,-0.5134,93.3751,1]},
{"frame":78,"values":[0.5754,0.8172,0.0329,0,0.0863,-0.1007,0.9912,0,-0.8133,0.5675,0.1285,0,0.4084,-0.4991,93.4005,1]},
{"frame":79,"values":[0.5754,0.8172,0.0329,0,0.0853,-0.1,0.9913,0,-0.8134,0.5676,0.1273,0,0.3898,-0.4847,93.4263,1]},
{"frame":80,"values":[0.5754,0.8172,0.0329,0,0.0843,-0.0993,0.9915,0,-0.8135,0.5678,0.1261,0,0.371,-0.4702,93.4521,1]},
{"frame":81,"values":[0.5754,0.8172,0.0329,0,0.0833,-0.0986,0.9916,0,-0.8136,0.5679,0.1248,0,0.3522,-0.4557,93.4773,1]},
{"frame":82,"values":[0.5754,0.8172,0.0329,0,0.0823,-0.0979,0.9918,0,-0.8137,0.568,0.1236,0,0.3335,-0.4412,93.5027,1]},
{"frame":83,"values":[0.5754,0.8172,0.0329,0,0.0813,-0.0973,0.9919,0,-0.8138,0.5681,0.1224,0,0.3148,-0.4267,93.5276,1]},
{"frame":84,"values":[0.5754,0.8172,0.033,0,0.0803,-0.0966,0.9921,0,-0.8139,0.5682,0.1212,0,0.2962,-0.4124,93.5524,1]},
{"frame":85,"values":[0.5754,0.8172,0.033,0,0.0794,-0.0959,0.9922,0,-0.814,0.5683,0.12,0,0.278,-0.3983,93.5762,1]},
{"frame":86,"values":[0.5754,0.8172,0.033,0,0.0784,-0.0952,0.9924,0,-0.8141,0.5685,0.1189,0,0.2602,-0.3845,93.5993,1]},
{"frame":87,"values":[0.5754,0.8172,0.033,0,0.0775,-0.0946,0.9925,0,-0.8142,0.5686,0.1178,0,0.2429,-0.371,93.6219,1]},
{"frame":88,"values":[0.5754,0.8172,0.033,0,0.0766,-0.094,0.9926,0,-0.8142,0.5687,0.1167,0,0.2261,-0.358,93.6435,1]},
{"frame":89,"values":[0.5754,0.8172,0.033,0,0.0757,-0.0934,0.9927,0,-0.8143,0.5688,0.1156,0,0.2101,-0.3457,93.6631,1]},
{"frame":90,"values":[0.5754,0.8172,0.033,0,0.0749,-0.0928,0.9929,0,-0.8144,0.5689,0.1146,0,0.1949,-0.3339,93.6827,1]},
{"frame":91,"values":[0.5754,0.8172,0.033,0,0.0742,-0.0923,0.993,0,-0.8145,0.569,0.1137,0,0.1805,-0.3228,93.7008,1]},
{"frame":92,"values":[0.5754,0.8172,0.033,0,0.0735,-0.0918,0.9931,0,-0.8145,0.569,0.1128,0,0.167,-0.3123,93.7178,1]},
{"frame":93,"values":[0.5754,0.8172,0.033,0,0.0728,-0.0913,0.9932,0,-0.8146,0.5691,0.112,0,0.1547,-0.3027,93.733,1]},
{"frame":94,"values":[0.5754,0.8172,0.033,0,0.0722,-0.0909,0.9932,0,-0.8147,0.5691,0.1113,0,0.1435,-0.2939,93.7472,1]},
{"frame":95,"values":[0.5754,0.8172,0.033,0,0.0717,-0.0905,0.9933,0,-0.8148,0.5691,0.1107,0,0.1334,-0.286,93.7596,1]},
{"frame":96,"values":[0.5753,0.8173,0.0329,0,0.0712,-0.0902,0.9934,0,-0.8148,0.5692,0.1101,0,0.1247,-0.2791,93.7701,1]},
{"frame":97,"values":[0.5753,0.8173,0.0329,0,0.0708,-0.0899,0.9934,0,-0.8149,0.5692,0.1096,0,0.1176,-0.2736,93.7787,1]},
{"frame":98,"values":[0.5753,0.8173,0.0329,0,0.0706,-0.0897,0.9935,0,-0.8149,0.5692,0.1093,0,0.1122,-0.2693,93.7856,1]},
{"frame":99,"values":[0.5753,0.8173,0.0329,0,0.0704,-0.0896,0.9935,0,-0.8149,0.5692,0.109,0,0.1084,-0.2663,93.7901,1]},
{"frame":100,"values":[0.5753,0.8173,0.0329,0,0.0702,-0.0895,0.9935,0,-0.815,0.5692,0.1089,0,0.1059,-0.2644,93.7917,1]},
{"frame":101,"values":[0.5853,0.8103,0.0272,0,0.0713,-0.0849,0.9938,0,-0.8077,0.5798,0.1075,0,0.1206,-0.2513,93.4609,1]},
{"frame":102,"values":[0.6341,0.7733,-0.0012,0,0.0779,-0.0623,0.995,0,-0.7693,0.631,0.0997,0,0.199,-0.1889,91.8069,1]},
{"frame":103,"values":[0.6803,0.7324,-0.0291,0,0.0858,-0.0401,0.9955,0,-0.7279,0.6797,0.0901,0,0.2774,-0.1265,90.1528,1]},
{"frame":104,"values":[0.7235,0.688,-0.0564,0,0.0951,-0.0185,0.9953,0,-0.6838,0.7254,0.0788,0,0.3558,-0.064,88.4988,1]},
{"frame":105,"values":[0.7635,0.6405,-0.0827,0,0.1057,0.0025,0.9944,0,-0.6371,0.7679,0.0658,0,0.4342,-0.0016,86.8447,1]},
{"frame":106,"values":[0.7553,0.6502,-0.083,0,0.1037,0.0065,0.9946,0,-0.6472,0.7598,0.0625,0,0.4287,-0.6644,87.2551,1]},
{"frame":107,"values":[0.7411,0.6662,-0.0831,0,0.1,0.0129,0.9949,0,-0.6638,0.7457,0.0571,0,0.4289,-1.532,87.6879,1]},
{"frame":108,"values":[0.7256,0.683,-0.0831,0,0.0958,0.0193,0.9952,0,-0.6814,0.7301,0.0514,0,0.4383,-2.2679,87.9798,1]},
{"frame":109,"values":[0.7147,0.6945,-0.0828,0,0.0925,0.0234,0.9954,0,-0.6932,0.7191,0.0475,0,0.4506,-2.7511,88.0964,1]},
{"frame":110,"values":[0.7037,0.7057,-0.0821,0,0.0889,0.0272,0.9957,0,-0.7049,0.708,0.0436,0,0.4681,-3.0411,88.1077,1]},
{"frame":111,"values":[0.6876,0.7216,-0.081,0,0.0834,0.0324,0.996,0,-0.7213,0.6916,0.0379,0,0.5092,-3.577,88.0315,1]},
{"frame":112,"values":[0.6723,0.7359,-0.0801,0,0.0781,0.0371,0.9963,0,-0.7362,0.676,0.0325,0,0.5693,-3.888,87.8289,1]},
{"frame":113,"values":[0.6632,0.7442,-0.0797,0,0.0749,0.04,0.9964,0,-0.7447,0.6668,0.0292,0,0.6269,-4.1198,87.6763,1]},
{"frame":114,"values":[0.6552,0.7512,-0.0796,0,0.0722,0.0426,0.9965,0,-0.752,0.6587,0.0263,0,0.7406,-4.2782,87.4128,1]},
{"frame":115,"values":[0.6462,0.759,-0.0799,0,0.0691,0.0461,0.9965,0,-0.7601,0.6494,0.0226,0,1.0239,-4.2508,86.9593,1]},
{"frame":116,"values":[0.6407,0.7636,-0.0804,0,0.067,0.0488,0.9966,0,-0.7649,0.6439,0.0199,0,1.3548,-4.142,86.4378,1]},
{"frame":117,"values":[0.6399,0.7643,-0.0804,0,0.0661,0.0495,0.9966,0,-0.7656,0.643,0.0188,0,1.5897,-3.7821,85.9703,1]},
{"frame":118,"values":[0.641,0.7634,-0.0798,0,0.0652,0.0494,0.9966,0,-0.7648,0.644,0.0181,0,1.8295,-3.4388,85.4392,1]},
{"frame":119,"values":[0.6458,0.7595,-0.0786,0,0.0644,0.0484,0.9968,0,-0.7608,0.6488,0.0176,0,2.1838,-2.9652,84.6632,1]},
{"frame":120,"values":[0.6534,0.7531,-0.0772,0,0.064,0.0467,0.9969,0,-0.7543,0.6563,0.0177,0,2.5265,-2.721,83.859,1]},
{"frame":121,"values":[0.6601,0.7472,-0.0769,0,0.0645,0.0456,0.9969,0,-0.7484,0.663,0.0181,0,2.7537,-2.5946,83.3154,1]},
{"frame":122,"values":[0.668,0.7402,-0.077,0,0.0655,0.0446,0.9969,0,-0.7413,0.6709,0.0187,0,2.9865,-2.4597,82.9225,1]},
{"frame":123,"values":[0.6817,0.7277,-0.076,0,0.0666,0.0417,0.9969,0,-0.7286,0.6847,0.02,0,3.327,-2.5373,83.1756,1]},
{"frame":124,"values":[0.6969,0.7134,-0.0735,0,0.067,0.0373,0.9971,0,-0.714,0.6998,0.0218,0,3.6519,-2.8118,83.9312,1]},
{"frame":125,"values":[0.7079,0.7027,-0.0712,0,0.0669,0.0336,0.9972,0,-0.7032,0.7106,0.0232,0,3.857,-3.3243,84.3628,1]},
{"frame":126,"values":[0.7192,0.6913,-0.069,0,0.067,0.0299,0.9973,0,-0.6915,0.7219,0.0248,0,4.0573,-3.8298,84.8508,1]},
{"frame":127,"values":[0.7368,0.6729,-0.0665,0,0.0677,0.0245,0.9974,0,-0.6728,0.7393,0.0275,0,4.3436,-4.6218,85.7858,1]},
{"frame":128,"values":[0.7543,0.6534,-0.064,0,0.0683,0.0189,0.9975,0,-0.6529,0.7568,0.0304,0,4.5915,-5.6106,86.6145,1]},
{"frame":129,"values":[0.7659,0.6399,-0.0625,0,0.0688,0.015,0.9975,0,-0.6393,0.7683,0.0325,0,4.7298,-6.2897,87.0403,1]},
{"frame":130,"values":[0.7772,0.6262,-0.0613,0,0.0696,0.0114,0.9975,0,-0.6253,0.7796,0.0347,0,4.8252,-7.0859,87.4199,1]},
{"frame":131,"values":[0.7936,0.6055,-0.06,0,0.0708,0.006,0.9975,0,-0.6044,0.7958,0.0381,0,4.8869,-8.0022,87.8479,1]},
{"frame":132,"values":[0.8089,0.585,-0.0587,0,0.072,0.0006,0.9974,0,-0.5835,0.811,0.0416,0,4.9071,-8.7565,88.089,1]},
{"frame":133,"values":[0.8184,0.5717,-0.0582,0,0.0728,-0.0028,0.9973,0,-0.57,0.8205,0.0439,0,4.9177,-9.2255,88.0801,1]},
{"frame":134,"values":[0.8273,0.5587,-0.0579,0,0.0738,-0.006,0.9973,0,-0.5569,0.8293,0.0462,0,4.9026,-9.6583,87.882,1]},
{"frame":135,"values":[0.8393,0.5406,-0.0579,0,0.0755,-0.0104,0.9971,0,-0.5384,0.8412,0.0495,0,4.8445,-10.2191,87.2522,1]},
{"frame":136,"values":[0.8498,0.5239,-0.0584,0,0.0774,-0.0144,0.9969,0,-0.5215,0.8516,0.0527,0,4.6997,-10.6631,86.3875,1]},
{"frame":137,"values":[0.8557,0.5141,-0.059,0,0.0787,-0.0166,0.9968,0,-0.5115,0.8575,0.0547,0,4.5456,-10.869,85.7101,1]},
{"frame":138,"values":[0.8608,0.5055,-0.0596,0,0.08,-0.0187,0.9966,0,-0.5027,0.8626,0.0566,0,4.3562,-11.0245,84.9955,1]},
{"frame":139,"values":[0.8666,0.4953,-0.0599,0,0.0813,-0.0217,0.9965,0,-0.4923,0.8684,0.0591,0,4.0153,-10.5242,83.9374,1]},
{"frame":140,"values":[0.8705,0.4884,-0.0602,0,0.0824,-0.0241,0.9963,0,-0.4852,0.8723,0.0612,0,3.6413,-9.6097,82.987,1]},
{"frame":141,"values":[0.8717,0.4864,-0.0604,0,0.0831,-0.0252,0.9962,0,-0.483,0.8734,0.0624,0,3.382,-8.9562,82.4823,1]},
{"frame":142,"values":[0.8717,0.4861,-0.061,0,0.0841,-0.0258,0.9961,0,-0.4827,0.8735,0.0633,0,3.1097,-8.2747,82.0813,1]},
{"frame":143,"values":[0.8693,0.4903,-0.0625,0,0.086,-0.0256,0.996,0,-0.4868,0.8712,0.0644,0,2.7452,-7.2103,81.9034,1]},
{"frame":144,"values":[0.8642,0.4989,-0.0653,0,0.0891,-0.0241,0.9957,0,-0.4952,0.8663,0.0653,0,2.4029,-6.2146,81.9293,1]},
{"frame":145,"values":[0.8589,0.5078,-0.066,0,0.0903,-0.0233,0.9956,0,-0.504,0.8612,0.0658,0,2.1766,-5.5414,82.0993,1]},
{"frame":146,"values":[0.8523,0.5188,-0.0662,0,0.091,-0.0224,0.9956,0,-0.515,0.8546,0.0663,0,1.952,-5.0561,82.4128,1]},
{"frame":147,"values":[0.8403,0.5378,-0.0683,0,0.0935,-0.0196,0.9954,0,-0.534,0.8428,0.0668,0,1.6353,-4.6909,82.983,1]},
{"frame":148,"values":[0.8263,0.5587,-0.0711,0,0.0965,-0.016,0.9952,0,-0.5549,0.8292,0.0671,0,1.3275,-4.3434,83.6839,1]},
{"frame":149,"values":[0.8161,0.5733,-0.0732,0,0.0985,-0.0132,0.995,0,-0.5694,0.8193,0.0672,0,1.1263,-3.9384,84.1995,1]},
{"frame":150,"values":[0.8055,0.5879,-0.0753,0,0.1004,-0.0102,0.9949,0,-0.5841,0.8089,0.0672,0,0.9234,-3.1388,84.7439,1]},
{"frame":151,"values":[0.7892,0.6091,-0.0784,0,0.103,-0.0054,0.9947,0,-0.6054,0.7931,0.0669,0,0.6488,-1.9127,85.5653,1]},
{"frame":152,"values":[0.7733,0.6288,-0.0812,0,0.1049,-0.0006,0.9945,0,-0.6253,0.7776,0.0664,0,0.4689,-0.7329,86.3687,1]},
{"frame":153,"values":[0.7635,0.6405,-0.0827,0,0.1057,0.0025,0.9944,0,-0.6371,0.7679,0.0658,0,0.4342,-0.0016,86.8442,1]},
{"frame":154,"values":[0.8295,0.5516,-0.0882,0,0.0557,0.0754,0.9956,0,-0.5558,0.8307,-0.0318,0,0.2803,0.1719,87.524,1]},
{"frame":155,"values":[0.8868,0.4548,-0.0827,0,0.0131,0.1541,0.988,0,-0.462,0.8772,-0.1307,0,0.1265,0.3454,88.2037,1]},
{"frame":156,"values":[0.9333,0.3529,-0.066,0,-0.0207,0.2362,0.9715,0,-0.3584,0.9053,-0.2278,0,-0.0274,0.5188,88.8835,1]},
{"frame":157,"values":[0.9677,0.2492,-0.0386,0,-0.0445,0.3192,0.9467,0,-0.2482,0.9143,-0.3199,0,-0.1812,0.6923,89.5633,1]},
{"frame":158,"values":[0.9892,0.1468,-0.0017,0,-0.0579,0.4004,0.9145,0,-0.1349,0.9045,-0.4046,0,-0.3351,0.8658,90.2431,1]},
{"frame":159,"values":[0.9905,0.1323,0.0371,0,-0.0892,0.414,0.9059,0,-0.1045,0.9006,-0.4219,0,-0.8046,0.4444,90.6613,1]},
{"frame":160,"values":[0.9905,0.1226,0.0623,0,-0.109,0.4227,0.8997,0,-0.084,0.8979,-0.4321,0,-1.0408,0.1929,90.9604,1]},
{"frame":161,"values":[0.9899,0.1125,0.0858,0,-0.1264,0.4309,0.8935,0,-0.0636,0.8954,-0.4408,0,-1.1632,-0.0517,91.282,1]},
{"frame":162,"values":[0.9894,0.0947,0.1102,0,-0.1409,0.4413,0.8862,0,-0.0353,0.8924,-0.4499,0,-1.1508,-0.2684,91.8464,1]},
{"frame":163,"values":[0.9895,0.0764,0.1228,0,-0.1441,0.4462,0.8833,0,-0.0127,0.8917,-0.4525,0,-0.9796,-0.3245,92.3988,1]},
{"frame":164,"values":[0.99,0.069,0.1233,0,-0.1411,0.4378,0.8879,0,-0.0072,0.8964,-0.4432,0,-0.798,-0.3621,92.6436,1]},
{"frame":165,"values":[0.9904,0.0641,0.1224,0,-0.1381,0.4249,0.8946,0,-0.0054,0.9029,-0.4297,0,-0.6048,-0.4787,92.8224,1]},
{"frame":166,"values":[0.9902,0.0607,0.1255,0,-0.1393,0.4036,0.9042,0,-0.0043,0.9129,-0.4082,0,-0.3178,-1.1653,92.7983,1]},
{"frame":167,"values":[0.9898,0.0551,0.1312,0,-0.1423,0.3914,0.9091,0,0.0013,0.9186,-0.3953,0,-0.0653,-2.2159,92.2065,1]},
{"frame":168,"values":[0.9896,0.0506,0.1345,0,-0.1436,0.3861,0.9112,0,0.0058,0.9211,-0.3894,0,0.1024,-2.9966,91.6325,1]},
{"frame":169,"values":[0.9896,0.0459,0.1363,0,-0.1434,0.3821,0.9129,0,0.0102,0.923,-0.3847,0,0.2832,-3.7648,91.0796,1]},
{"frame":170,"values":[0.9912,0.0396,0.1263,0,-0.1318,0.3828,0.9144,0,0.0122,0.923,-0.3847,0,0.6044,-4.6873,90.5006,1]},
{"frame":171,"values":[0.994,0.0348,0.1037,0,-0.1091,0.3865,0.9158,0,0.0082,0.9216,-0.388,0,0.977,-5.2847,90.2754,1]},
{"frame":172,"values":[0.9959,0.0328,0.084,0,-0.0901,0.3893,0.9167,0,0.0027,0.9205,-0.3907,0,1.2468,-5.5203,90.3059,1]},
{"frame":173,"values":[0.9975,0.0322,0.0631,0,-0.0707,0.3922,0.9172,0,-0.0048,0.9193,-0.3935,0,1.5124,-5.6697,90.4116,1]},
{"frame":174,"values":[0.999,0.0339,0.0292,0,-0.0403,0.3966,0.9171,0,-0.0195,0.9174,-0.3975,0,1.9087,-5.7163,90.7384,1]},
{"frame":175,"values":[0.9992,0.0403,-0.0049,0,-0.0117,0.4019,0.9156,0,-0.0389,0.9148,-0.402,0,2.2662,-5.5958,91.184,1]},
{"frame":176,"values":[0.9982,0.0538,-0.0246,0,0.0007,0.4062,0.9138,0,-0.0591,0.9122,-0.4054,0,2.3728,-5.3878,91.4941,1]},
{"frame":177,"values":[0.9969,0.0691,-0.0385,0,0.007,0.4085,0.9127,0,-0.0788,0.9102,-0.4067,0,2.3805,-5.1431,91.7653,1]},
{"frame":178,"values":[0.9944,0.0924,-0.0517,0,0.0095,0.4089,0.9125,0,-0.1054,0.9079,-0.4058,0,2.2939,-4.6302,92.1725,1]},
{"frame":179,"values":[0.9915,0.1149,-0.0609,0,0.009,0.4069,0.9134,0,-0.1297,0.9062,-0.4024,0,2.1439,-4.1168,92.504,1]},
{"frame":180,"values":[0.9894,0.1289,-0.067,0,0.0092,0.4045,0.9145,0,-0.145,0.9054,-0.399,0,2.0253,-3.7871,92.6606,1]},
{"frame":181,"values":[0.9873,0.142,-0.0716,0,0.0092,0.399,0.9169,0,-0.1588,0.9059,-0.3926,0,1.8478,-3.4249,92.6754,1]},
{"frame":182,"values":[0.9841,0.1602,-0.0769,0,0.0092,0.3863,0.9223,0,-0.1775,0.9084,-0.3787,0,1.4935,-2.8485,92.4672,1]},
{"frame":183,"values":[0.9808,0.1778,-0.0798,0,0.0085,0.37,0.929,0,-0.1947,0.9119,-0.3614,0,1.1339,-2.2227,91.9102,1]},
{"frame":184,"values":[0.9784,0.1903,-0.0804,0,0.0068,0.3592,0.9332,0,-0.2065,0.9136,-0.3502,0,0.9569,-1.7964,91.4888,1]},
{"frame":185,"values":[0.9764,0.2013,-0.0783,0,0.0024,0.3524,0.9359,0,-0.2159,0.914,-0.3436,0,0.8364,-1.3477,91.0816,1]},
{"frame":186,"values":[0.9759,0.2065,-0.0708,0,-0.0063,0.3509,0.9364,0,-0.2182,0.9133,-0.3438,0,0.6589,-0.7026,90.6169,1]},
{"frame":187,"values":[0.9791,0.1952,-0.0565,0,-0.018,0.3605,0.9326,0,-0.2025,0.9121,-0.3565,0,0.4353,-0.0427,90.2546,1]},
{"frame":188,"values":[0.9825,0.1813,-0.0433,0,-0.0277,0.3717,0.9279,0,-0.1843,0.9105,-0.3703,0,0.2527,0.3873,90.1324,1]},
{"frame":189,"values":[0.9856,0.1665,-0.029,0,-0.0377,0.3838,0.9227,0,-0.1647,0.9083,-0.3845,0,0.0537,0.7482,90.0803,1]},
{"frame":190,"values":[0.9883,0.1519,-0.0143,0,-0.0475,0.3959,0.917,0,-0.1449,0.9056,-0.3985,0,-0.167,1.0097,90.0997,1]}],"loopBehavior":1,"name":"anim","property":"_matrix"}},
{"name":"mixamorig_Spine","index":1,"matrix":[0.9999,0.0108,-0.0075,0,-0.01,0.9957,0.0919,0,0.0085,-0.0918,0.9957,0,0,9.9235,-1.2273,1],"rest":[1,0,0,0,0,1,0,0,0,0,1,0,0,9.9235,-1.2273,1],"parentBoneIndex":0,"length":2.5948
,"animation":{"dataType":3,"framePerSecond":24,"keys":[
{"frame":0,"values":[0.9999,0.0108,-0.0075,0,-0.01,0.9957,0.0919,0,0.0085,-0.0918,0.9957,0,0,9.9235,-1.2273,1]},
{"frame":1,"values":[0.9999,0.0108,-0.0075,0,-0.0101,0.9957,0.092,0,0.0085,-0.092,0.9957,0,0,9.9235,-1.2273,1]},
{"frame":2,"values":[0.9999,0.0108,-0.0075,0,-0.0101,0.9957,0.0922,0,0.0084,-0.0921,0.9957,0,0,9.9235,-1.2273,1]},
{"frame":3,"values":[0.9999,0.0109,-0.0074,0,-0.0101,0.9957,0.0924,0,0.0084,-0.0923,0.9957,0,0,9.9235,-1.2273,1]},
{"frame":4,"values":[0.9999,0.0109,-0.0074,0,-0.0101,0.9957,0.0926,0,0.0084,-0.0925,0.9957,0,0,9.9235,-1.2273,1]},
{"frame":5,"values":[0.9999,0.0109,-0.0074,0,-0.0102,0.9956,0.0929,0,0.0084,-0.0928,0.9957,0,0,9.9235,-1.2273,1]},
{"frame":6,"values":[0.9999,0.0109,-0.0073,0,-0.0102,0.9956,0.0932,0,0.0083,-0.0931,0.9956,0,0,9.9235,-1.2273,1]},
{"frame":7,"values":[0.9999,0.011,-0.0073,0,-0.0102,0.9956,0.0935,0,0.0083,-0.0934,0.9956,0,0,9.9235,-1.2273,1]},
{"frame":8,"values":[0.9999,0.011,-0.0072,0,-0.0103,0.9955,0.0939,0,0.0082,-0.0938,0.9956,0,0,9.9235,-1.2273,1]},
{"frame":9,"values":[0.9999,0.011,-0.0072,0,-0.0103,0.9955,0.0943,0,0.0082,-0.0942,0.9955,0,0,9.9235,-1.2273,1]},
{"frame":10,"values":[0.9999,0.011,-0.0071,0,-0.0103,0.9954,0.0947,0,0.0082,-0.0946,0.9955,0,0,9.9235,-1.2273,1]},
{"frame":11,"values":[0.9999,0.0111,-0.0071,0,-0.0103,0.9954,0.0952,0,0.0081,-0.0951,0.9954,0,0,9.9235,-1.2273,1]},
{"frame":12,"values":[0.9999,0.0111,-0.007,0,-0.0104,0.9954,0.0957,0,0.0081,-0.0956,0.9954,0,0,9.9235,-1.2273,1]},
{"frame":13,"values":[0.9999,0.0111,-0.007,0,-0.0104,0.9953,0.0962,0,0.0081,-0.0962,0.9953,0,0,9.9235,-1.2273,1]},
{"frame":14,"values":[0.9999,0.0111,-0.007,0,-0.0104,0.9953,0.0968,0,0.0081,-0.0967,0.9953,0,0,9.9235,-1.2273,1]},
{"frame":15,"values":[0.9999,0.0112,-0.0071,0,-0.0104,0.9952,0.0973,0,0.0081,-0.0973,0.9952,0,0,9.9235,-1.2273,1]},
{"frame":16,"values":[0.9999,0.0112,-0.0071,0,-0.0105,0.9951,0.0979,0,0.0082,-0.0979,0.9952,0,0,9.9235,-1.2273,1]},
{"frame":17,"values":[0.9999,0.0112,-0.0072,0,-0.0105,0.9951,0.0985,0,0.0082,-0.0985,0.9951,0,0,9.9235,-1.2273,1]},
{"frame":18,"values":[0.9999,0.0113,-0.0072,0,-0.0105,0.995,0.0992,0,0.0083,-0.0991,0.995,0,0,9.9235,-1.2273,1]},
{"frame":19,"values":[0.9999,0.0113,-0.0073,0,-0.0105,0.9949,0.0998,0,0.0083,-0.0997,0.995,0,0,9.9235,-1.2273,1]},
{"frame":20,"values":[0.9999,0.0112,-0.0073,0,-0.0105,0.9949,0.1005,0,0.0084,-0.1004,0.9949,0,0,9.9235,-1.2273,1]},
{"frame":21,"values":[0.9999,0.0112,-0.0074,0,-0.0104,0.9948,0.1012,0,0.0085,-0.1011,0.9948,0,0,9.9235,-1.2273,1]},
{"frame":22,"values":[0.9999,0.0111,-0.0075,0,-0.0103,0.9947,0.1019,0,0.0086,-0.1018,0.9948,0,0,9.9235,-1.2273,1]},
{"frame":23,"values":[0.9999,0.0111,-0.0076,0,-0.0102,0.9947,0.1026,0,0.0087,-0.1025,0.9947,0,0,9.9235,-1.2273,1]},
{"frame":24,"values":[0.9999,0.011,-0.0077,0,-0.0101,0.9946,0.1033,0,0.0088,-0.1032,0.9946,0,0,9.9235,-1.2273,1]},
{"frame":25,"values":[0.9999,0.0109,-0.0078,0,-0.0101,0.9945,0.1041,0,0.0088,-0.104,0.9945,0,0,9.9235,-1.2273,1]},
{"frame":26,"values":[0.9999,0.0108,-0.0078,0,-0.01,0.9944,0.1048,0,0.0089,-0.1047,0.9945,0,0,9.9235,-1.2273,1]},
{"frame":27,"values":[0.9999,0.0108,-0.008,0,-0.0099,0.9944,0.1056,0,0.009,-0.1055,0.9944,0,0,9.9235,-1.2273,1]},
{"frame":28,"values":[0.9999,0.0107,-0.0081,0,-0.0098,0.9943,0.1064,0,0.0091,-0.1063,0.9943,0,0,9.9235,-1.2273,1]},
{"frame":29,"values":[0.9999,0.0106,-0.0082,0,-0.0097,0.9942,0.1071,0,0.0093,-0.107,0.9942,0,0,9.9235,-1.2273,1]},
{"frame":30,"values":[0.9999,0.0105,-0.0083,0,-0.0096,0.9941,0.1079,0,0.0094,-0.1078,0.9941,0,0,9.9235,-1.2273,1]},
{"frame":31,"values":[0.9999,0.0105,-0.0084,0,-0.0095,0.994,0.1087,0,0.0095,-0.1086,0.994,0,0,9.9235,-1.2273,1]},
{"frame":32,"values":[0.9999,0.0104,-0.0085,0,-0.0094,0.9939,0.1096,0,0.0096,-0.1095,0.9939,0,0,9.9235,-1.2273,1]},
{"frame":33,"values":[0.9999,0.0103,-0.0087,0,-0.0092,0.9938,0.1106,0,0.0098,-0.1105,0.9938,0,0,9.9235,-1.2273,1]},
{"frame":34,"values":[0.9999,0.0101,-0.0089,0,-0.0091,0.9937,0.1116,0,0.01,-0.1115,0.9937,0,0,9.9235,-1.2273,1]},
{"frame":35,"values":[0.9999,0.01,-0.0091,0,-0.0089,0.9936,0.1127,0,0.0102,-0.1126,0.9936,0,0,9.9235,-1.2273,1]},
{"frame":36,"values":[0.9999,0.0099,-0.0093,0,-0.0088,0.9935,0.1139,0,0.0104,-0.1138,0.9935,0,0,9.9235,-1.2273,1]},
{"frame":37,"values":[0.9999,0.0098,-0.0096,0,-0.0086,0.9933,0.1149,0,0.0106,-0.1148,0.9933,0,0,9.9235,-1.2273,1]},
{"frame":38,"values":[0.9999,0.0097,-0.0098,0,-0.0085,0.9932,0.116,0,0.0108,-0.1159,0.9932,0,0,9.9235,-1.2273,1]},
{"frame":39,"values":[0.9999,0.0095,-0.01,0,-0.0083,0.9931,0.117,0,0.0111,-0.117,0.9931,0,0,9.9235,-1.2273,1]},
{"frame":40,"values":[0.9999,0.0094,-0.0102,0,-0.0081,0.993,0.1181,0,0.0113,-0.118,0.993,0,0,9.9235,-1.2273,1]},
{"frame":41,"values":[0.9999,0.0093,-0.0105,0,-0.008,0.9929,0.1191,0,0.0115,-0.119,0.9928,0,0,9.9235,-1.2273,1]},
{"frame":42,"values":[0.9999,0.0092,-0.0107,0,-0.0078,0.9927,0.1201,0,0.0118,-0.12,0.9927,0,0,9.9235,-1.2273,1]},
{"frame":43,"values":[0.9999,0.009,-0.011,0,-0.0077,0.9926,0.1211,0,0.012,-0.121,0.9926,0,0,9.9235,-1.2273,1]},
{"frame":44,"values":[0.9999,0.0089,-0.0112,0,-0.0075,0.9925,0.122,0,0.0122,-0.1219,0.9925,0,0,9.9235,-1.2273,1]},
{"frame":45,"values":[0.9999,0.0088,-0.0115,0,-0.0073,0.9924,0.1229,0,0.0125,-0.1228,0.9924,0,0,9.9235,-1.2273,1]},
{"frame":46,"values":[0.9999,0.0087,-0.0117,0,-0.0072,0.9923,0.1238,0,0.0127,-0.1237,0.9922,0,0,9.9235,-1.2273,1]},
{"frame":47,"values":[0.9999,0.0086,-0.012,0,-0.007,0.9922,0.1246,0,0.0129,-0.1245,0.9921,0,0,9.9235,-1.2273,1]},
{"frame":48,"values":[0.9999,0.0085,-0.0122,0,-0.0069,0.9921,0.1254,0,0.0132,-0.1253,0.992,0,0,9.9235,-1.2273,1]},
{"frame":49,"values":[0.9999,0.0084,-0.0124,0,-0.0068,0.992,0.1261,0,0.0134,-0.126,0.9919,0,0,9.9234,-1.2273,1]},
{"frame":50,"values":[0.9999,0.0083,-0.0127,0,-0.0066,0.9919,0.1268,0,0.0136,-0.1267,0.9918,0,0,9.9235,-1.2273,1]},
{"frame":51,"values":[0.9999,0.0082,-0.0129,0,-0.0065,0.9918,0.1274,0,0.0138,-0.1273,0.9918,0,0,9.9235,-1.2273,1]},
{"frame":52,"values":[0.9999,0.0082,-0.0131,0,-0.0064,0.9917,0.128,0,0.014,-0.1279,0.9917,0,0,9.9235,-1.2273,1]},
{"frame":53,"values":[0.9999,0.0081,-0.0133,0,-0.0063,0.9917,0.1286,0,0.0143,-0.1285,0.9916,0,0,9.9235,-1.2273,1]},
{"frame":54,"values":[0.9999,0.008,-0.0135,0,-0.0062,0.9916,0.129,0,0.0145,-0.1289,0.9915,0,0,9.9235,-1.2273,1]},
{"frame":55,"values":[0.9999,0.008,-0.0137,0,-0.0061,0.9916,0.1294,0,0.0146,-0.1293,0.9915,0,0,9.9235,-1.2273,1]},
{"frame":56,"values":[0.9999,0.0079,-0.0139,0,-0.0061,0.9915,0.1297,0,0.0148,-0.1296,0.9914,0,0,9.9235,-1.2273,1]},
{"frame":57,"values":[0.9999,0.0079,-0.014,0,-0.006,0.9915,0.13,0,0.0149,-0.1299,0.9914,0,0,9.9235,-1.2273,1]},
{"frame":58,"values":[0.9999,0.0078,-0.0141,0,-0.0059,0.9915,0.1301,0,0.015,-0.13,0.9914,0,0,9.9235,-1.2273,1]},
{"frame":59,"values":[0.9999,0.0078,-0.0143,0,-0.0059,0.9915,0.1302,0,0.0152,-0.1301,0.9914,0,0,9.9235,-1.2273,1]},
{"frame":60,"values":[0.9999,0.0078,-0.0143,0,-0.0058,0.9915,0.1302,0,0.0152,-0.1301,0.9914,0,0,9.9235,-1.2273,1]},
{"frame":61,"values":[0.9999,0.0077,-0.0144,0,-0.0058,0.9915,0.1301,0,0.0153,-0.13,0.9914,0,0,9.9235,-1.2273,1]},
{"frame":62,"values":[0.9999,0.0077,-0.0145,0,-0.0058,0.9915,0.1299,0,0.0154,-0.1298,0.9914,0,0,9.9235,-1.2273,1]},
{"frame":63,"values":[0.9999,0.0077,-0.0146,0,-0.0057,0.9915,0.1297,0,0.0155,-0.1296,0.9915,0,0,9.9235,-1.2273,1]},
{"frame":64,"values":[0.9999,0.0077,-0.0147,0,-0.0057,0.9916,0.1293,0,0.0155,-0.1292,0.9915,0,0,9.9235,-1.2273,1]},
{"frame":65,"values":[0.9999,0.0077,-0.0147,0,-0.0058,0.9916,0.1289,0,0.0156,-0.1288,0.9916,0,0,9.9235,-1.2273,1]},
{"frame":66,"values":[0.9999,0.0077,-0.0147,0,-0.0058,0.9917,0.1283,0,0.0156,-0.1282,0.9916,0,0,9.9235,-1.2273,1]},
{"frame":67,"values":[0.9999,0.0078,-0.0147,0,-0.0058,0.9918,0.1277,0,0.0155,-0.1276,0.9917,0,0,9.9235,-1.2273,1]},
{"frame":68,"values":[0.9999,0.0078,-0.0146,0,-0.0059,0.9919,0.1271,0,0.0155,-0.127,0.9918,0,0,9.9235,-1.2273,1]},
{"frame":69,"values":[0.9999,0.0079,-0.0145,0,-0.006,0.992,0.1264,0,0.0154,-0.1263,0.9919,0,0,9.9235,-1.2273,1]},
{"frame":70,"values":[0.9999,0.0079,-0.0145,0,-0.006,0.9921,0.1256,0,0.0153,-0.1255,0.992,0,0,9.9235,-1.2273,1]},
{"frame":71,"values":[0.9999,0.008,-0.0144,0,-0.0061,0.9922,0.1249,0,0.0153,-0.1247,0.9921,0,0,9.9235,-1.2273,1]},
{"frame":72,"values":[0.9999,0.008,-0.0143,0,-0.0062,0.9923,0.124,0,0.0151,-0.1239,0.9922,0,0,9.9235,-1.2273,1]},
{"frame":73,"values":[0.9999,0.0081,-0.0141,0,-0.0063,0.9924,0.123,0,0.015,-0.1229,0.9923,0,0,9.9235,-1.2273,1]},
{"frame":74,"values":[0.9999,0.0082,-0.0139,0,-0.0064,0.9925,0.1219,0,0.0148,-0.1218,0.9924,0,0,9.9235,-1.2273,1]},
{"frame":75,"values":[0.9999,0.0083,-0.0137,0,-0.0066,0.9927,0.1206,0,0.0147,-0.1205,0.9926,0,0,9.9235,-1.2273,1]},
{"frame":76,"values":[0.9999,0.0084,-0.0135,0,-0.0068,0.9928,0.1193,0,0.0144,-0.1192,0.9928,0,0,9.9235,-1.2273,1]},
{"frame":77,"values":[0.9999,0.0086,-0.0133,0,-0.0069,0.993,0.118,0,0.0142,-0.1179,0.9929,0,0,9.9235,-1.2273,1]},
{"frame":78,"values":[0.9999,0.0087,-0.0131,0,-0.0071,0.9932,0.1166,0,0.014,-0.1165,0.9931,0,0,9.9235,-1.2273,1]},
{"frame":79,"values":[0.9999,0.0088,-0.0128,0,-0.0073,0.9933,0.1152,0,0.0137,-0.1151,0.9933,0,0,9.9235,-1.2273,1]},
{"frame":80,"values":[0.9999,0.009,-0.0125,0,-0.0075,0.9935,0.1138,0,0.0135,-0.1137,0.9934,0,0,9.9235,-1.2273,1]},
{"frame":81,"values":[0.9999,0.0091,-0.0122,0,-0.0077,0.9936,0.1123,0,0.0132,-0.1122,0.9936,0,0,9.9235,-1.2273,1]},
{"frame":82,"values":[0.9999,0.0092,-0.012,0,-0.0079,0.9938,0.1109,0,0.0129,-0.1108,0.9938,0,0,9.9234,-1.2273,1]},
{"frame":83,"values":[0.9999,0.0094,-0.0117,0,-0.0081,0.994,0.1094,0,0.0126,-0.1093,0.9939,0,0,9.9235,-1.2273,1]},
{"frame":84,"values":[0.9999,0.0095,-0.0114,0,-0.0083,0.9941,0.108,0,0.0124,-0.1079,0.9941,0,0,9.9235,-1.2273,1]},
{"frame":85,"values":[0.9999,0.0097,-0.0111,0,-0.0085,0.9943,0.1066,0,0.012,-0.1065,0.9942,0,0,9.9235,-1.2273,1]},
{"frame":86,"values":[0.9999,0.0099,-0.0108,0,-0.0087,0.9944,0.1052,0,0.0117,-0.1051,0.9944,0,0,9.9235,-1.2273,1]},
{"frame":87,"values":[0.9999,0.01,-0.0105,0,-0.0089,0.9946,0.1038,0,0.0115,-0.1037,0.9945,0,0,9.9235,-1.2273,1]},
{"frame":88,"values":[0.9999,0.0102,-0.0102,0,-0.0091,0.9947,0.1025,0,0.0112,-0.1024,0.9947,0,0,9.9235,-1.2273,1]},
{"frame":89,"values":[0.9999,0.0103,-0.0099,0,-0.0092,0.9948,0.1012,0,0.0109,-0.1011,0.9948,0,0,9.9235,-1.2273,1]},
{"frame":90,"values":[0.9999,0.0105,-0.0096,0,-0.0094,0.9949,0.1,0,0.0106,-0.0999,0.9949,0,0,9.9235,-1.2273,1]},
{"frame":91,"values":[0.9999,0.0106,-0.0093,0,-0.0096,0.9951,0.0988,0,0.0103,-0.0987,0.9951,0,0,9.9235,-1.2273,1]},
{"frame":92,"values":[0.9999,0.0107,-0.0091,0,-0.0098,0.9952,0.0977,0,0.0101,-0.0976,0.9952,0,0,9.9234,-1.2273,1]},
{"frame":93,"values":[0.9999,0.0109,-0.0088,0,-0.01,0.9953,0.0967,0,0.0098,-0.0966,0.9953,0,0,9.9235,-1.2273,1]},
{"frame":94,"values":[0.9999,0.011,-0.0085,0,-0.0101,0.9954,0.0957,0,0.0096,-0.0956,0.9954,0,0,9.9235,-1.2273,1]},
{"frame":95,"values":[0.9999,0.0111,-0.0083,0,-0.0102,0.9954,0.0948,0,0.0093,-0.0947,0.9955,0,0,9.9235,-1.2273,1]},
{"frame":96,"values":[0.9999,0.0111,-0.0081,0,-0.0103,0.9955,0.094,0,0.0091,-0.094,0.9955,0,0,9.9235,-1.2273,1]},
{"frame":97,"values":[0.9999,0.0112,-0.0079,0,-0.0104,0.9956,0.0934,0,0.0089,-0.0933,0.9956,0,0,9.9235,-1.2273,1]},
{"frame":98,"values":[0.9999,0.0112,-0.0077,0,-0.0105,0.9956,0.0928,0,0.0087,-0.0927,0.9957,0,0,9.9235,-1.2273,1]},
{"frame":99,"values":[0.9999,0.0113,-0.0077,0,-0.0105,0.9957,0.0924,0,0.0087,-0.0923,0.9957,0,0,9.9234,-1.2273,1]},
{"frame":100,"values":[0.9999,0.0113,-0.0076,0,-0.0105,0.9957,0.092,0,0.0086,-0.092,0.9957,0,0,9.9234,-1.2273,1]},
{"frame":101,"values":[0.9999,0.009,-0.0076,0,-0.0083,0.9952,0.0971,0,0.0084,-0.097,0.9952,0,0,9.9235,-1.2273,1]},
{"frame":102,"values":[1,-0.0009,-0.0079,0,0.0018,0.9924,0.1228,0,0.0078,-0.1229,0.9924,0,0,9.9235,-1.2273,1]},
{"frame":103,"values":[0.9999,-0.0107,-0.0085,0,0.0119,0.9888,0.1485,0,0.0069,-0.1486,0.9889,0,0,9.9235,-1.2273,1]},
{"frame":104,"values":[0.9997,-0.0206,-0.0094,0,0.0219,0.9845,0.1741,0,0.0057,-0.1742,0.9847,0,0,9.9235,-1.2273,1]},
{"frame":105,"values":[0.9995,-0.0304,-0.0105,0,0.0319,0.9794,0.1995,0,0.0042,-0.1997,0.9798,0,0,9.9235,-1.2273,1]},
{"frame":106,"values":[0.9994,-0.0303,-0.0183,0,0.0333,0.9808,0.192,0,0.0121,-0.1925,0.9812,0,0,9.9235,-1.2273,1]},
{"frame":107,"values":[0.9991,-0.0295,-0.0307,0,0.0346,0.983,0.1805,0,0.0249,-0.1814,0.9831,0,0,9.9234,-1.2273,1]},
{"frame":108,"values":[0.9986,-0.0293,-0.0438,0,0.0363,0.9851,0.1682,0,0.0383,-0.1696,0.9848,0,0,9.9235,-1.2273,1]},
{"frame":109,"values":[0.9981,-0.03,-0.053,0,0.0381,0.9863,0.1602,0,0.0474,-0.1619,0.9857,0,0,9.9235,-1.2273,1]},
{"frame":110,"values":[0.9976,-0.0308,-0.0621,0,0.04,0.9875,0.1525,0,0.0567,-0.1546,0.9864,0,0,9.9235,-1.2273,1]},
{"frame":111,"values":[0.9966,-0.0319,-0.0756,0,0.0424,0.9889,0.1425,0,0.0702,-0.1452,0.9869,0,0,9.9235,-1.2273,1]},
{"frame":112,"values":[0.9956,-0.0328,-0.0882,0,0.0444,0.9901,0.1335,0,0.083,-0.1368,0.9871,0,0,9.9235,-1.2273,1]},
{"frame":113,"values":[0.9949,-0.0328,-0.0958,0,0.0451,0.9907,0.1287,0,0.0907,-0.1323,0.987,0,0,9.9234,-1.2273,1]},
{"frame":114,"values":[0.9943,-0.0313,-0.1024,0,0.0441,0.9911,0.1253,0,0.0975,-0.1291,0.9868,0,0,9.9235,-1.2273,1]},
{"frame":115,"values":[0.9936,-0.0261,-0.1099,0,0.0397,0.9915,0.1236,0,0.1058,-0.1272,0.9862,0,0,9.9235,-1.2273,1]},
{"frame":116,"values":[0.9932,-0.0184,-0.1147,0,0.0327,0.9917,0.1242,0,0.1115,-0.1271,0.9856,0,0,9.9235,-1.2273,1]},
{"frame":117,"values":[0.9932,-0.0127,-0.1158,0,0.0273,0.9917,0.1258,0,0.1132,-0.1281,0.9853,0,0,9.9235,-1.2273,1]},
{"frame":118,"values":[0.9933,-0.0069,-0.1153,0,0.0219,0.9914,0.1292,0,0.1134,-0.1309,0.9849,0,0,9.9235,-1.2273,1]},
{"frame":119,"values":[0.9936,0,-0.1126,0,0.0154,0.9906,0.136,0,0.1115,-0.1369,0.9843,0,0,9.9235,-1.2273,1]},
{"frame":120,"values":[0.9941,0.0067,-0.1082,0,0.009,0.9895,0.1443,0,0.108,-0.1444,0.9836,0,0,9.9235,-1.2273,1]},
{"frame":121,"values":[0.9945,0.012,-0.1041,0,0.004,0.9885,0.1514,0,0.1047,-0.1509,0.983,0,0,9.9235,-1.2273,1]},
{"frame":122,"values":[0.9949,0.0172,-0.0991,0,-0.0012,0.9873,0.1587,0,0.1005,-0.1577,0.9824,0,0,9.9235,-1.2273,1]},
{"frame":123,"values":[0.9956,0.0226,-0.0908,0,-0.0066,0.985,0.1726,0,0.0933,-0.1712,0.9808,0,0,9.9235,-1.2273,1]},
{"frame":124,"values":[0.9963,0.0253,-0.0822,0,-0.0093,0.9818,0.1897,0,0.0855,-0.1883,0.9784,0,0,9.9235,-1.2273,1]},
{"frame":125,"values":[0.9968,0.026,-0.0757,0,-0.0102,0.9792,0.2027,0,0.0794,-0.2013,0.9763,0,0,9.9235,-1.2273,1]},
{"frame":126,"values":[0.9973,0.0271,-0.0685,0,-0.0116,0.9762,0.2167,0,0.0727,-0.2153,0.9738,0,0,9.9235,-1.2273,1]},
{"frame":127,"values":[0.9979,0.03,-0.0569,0,-0.0155,0.9709,0.2391,0,0.0624,-0.2377,0.9693,0,0,9.9235,-1.2273,1]},
{"frame":128,"values":[0.9985,0.0329,-0.0445,0,-0.0202,0.9652,0.2607,0,0.0515,-0.2594,0.9644,0,0,9.9235,-1.2273,1]},
{"frame":129,"values":[0.9987,0.0358,-0.0356,0,-0.0247,0.961,0.2755,0,0.0441,-0.2743,0.9606,0,0,9.9235,-1.2273,1]},
{"frame":130,"values":[0.9989,0.038,-0.0269,0,-0.0286,0.9567,0.2895,0,0.0367,-0.2884,0.9568,0,0,9.9235,-1.2273,1]},
{"frame":131,"values":[0.9991,0.0398,-0.0144,0,-0.0334,0.9506,0.3086,0,0.0259,-0.3078,0.9511,0,0,9.9235,-1.2273,1]},
{"frame":132,"values":[0.9991,0.0417,-0.002,0,-0.0388,0.9445,0.3263,0,0.0154,-0.3259,0.9453,0,0,9.9235,-1.2273,1]},
